Iteration: 0
Best solution datasets [1, 5, 6, 7, 8, 10, 11, 15, 16, 18, 19, 20, 21, 22, 23, 24, 25, 26, 29, 30, 31, 32, 33, 35, 36, 37, 41]
QTD = 27	Fit = 14
Enlapsed = 404.6499309539795 secs

---------------------------
Iteration: 1
Best solution datasets [1, 3, 5, 6, 7, 8, 9, 10, 11, 12, 13, 14, 15, 16, 18, 19, 20, 21, 22, 23, 24, 25, 26, 27, 30, 31, 32, 33, 35, 36, 37, 39, 41, 42]
QTD = 34	Fit = 10
Enlapsed = 452.5097506046295 secs

---------------------------
Iteration: 2
Best solution datasets [1, 6, 7, 8, 9, 10, 11, 13, 15, 16, 18, 19, 20, 21, 22, 23, 27, 28, 29, 30, 31, 32, 34, 36, 37, 41]
QTD = 26	Fit = 13
Enlapsed = 405.95321464538574 secs

---------------------------

